K =

          1.96710794530133         0.647934128046524      0.000638551259399212
                         0          1.66562764029174       0.00104982720240096
                         0                         0      0.000788138251943832