location_matrix =

         0.935180055399179         0.348407810293549        -0.063641666461863         0.447786218783271
         0.287133356365642         -0.64062631105606         0.712146308875434          3.43080373750717
            0.207346810069        -0.684258669882346        -0.699140453017169         -14.0048401617783
                         0                         0                         0                         1